//    ___
//   | 0 |
//  5|___|1
//   | 6 |
//  4|___|2.
//     3   7
// bit numbers
//
//////////////////////////////////////////////////////////////////////////////
// nServe = 0
//        s1==0 (shifting right)     s1==1 (shifting left)
// digit: 0  1  2  3  4  5  6  7     0  1  2  3  4  5  6  7
//                                                            ballLoc    nL
         50 00 00 00 10 00 00 04    50 00 00 00 10 00 00 04 //   0    01111111
         02 01 00 00 10 00 00 04    10 08 00 00 10 00 00 04 //   1    10111111
         00 20 01 00 10 00 00 04    10 00 40 00 10 00 00 04 //   2    11011111
         04 00 00 01 10 00 00 04    10 00 00 01 10 00 00 04 //   3    11101111
         10 00 00 00 11 00 00 04    10 00 00 00 11 00 00 10 //   4    11110111
         10 00 00 00 10 40 00 04    10 00 00 00 10 01 02 00 //   5    11111011
         10 00 00 00 10 00 08 04    10 00 00 00 10 00 01 20 //   6    11111101
         10 00 00 00 10 00 00 44    10 00 00 00 10 00 00 44 //   7    11111110
//
//////////////////////////////////////////////////////////////////////////////
// nServe = 1
//        s1==0 (shifting right)     s1==1 (shifting left)
// digit: 0  1  2  3  4  5  6  7     0  1  2  3  4  5  6  7
//                                                            ballLoc    nL
         50 00 00 00 10 00 00 04    50 00 00 00 10 00 00 04 //   0    01111111
         02 01 00 00 10 00 00 04    10 08 00 00 10 00 00 04 //   1    10111111
         00 20 01 00 10 00 00 04    10 00 40 00 10 00 00 04 //   2    11011111
         04 00 00 01 10 00 00 04    10 00 00 01 10 00 00 04 //   3    11101111
         10 00 00 00 11 00 00 04    10 00 00 00 11 00 00 10 //   4    11110111
         10 00 00 00 10 40 00 04    10 00 00 00 10 01 02 00 //   5    11111011
         10 00 00 00 10 00 08 04    10 00 00 00 10 00 01 20 //   6    11111101
         10 00 00 00 10 00 00 44    10 00 00 00 10 00 00 44 //   7    11111110
